1.0
0.9987954562051724
0.9951847266721969
0.989176509964781
0.9807852804032305
0.9700312531945441
0.956940335732209
0.9415440651830211
0.9238795325112872
0.9039892931234439
0.8819212643483557
0.8577286100002729
0.8314696123025462
0.803207531480646
0.7730104533627383
0.7409511253549607
0.7071067811865492
0.6715589548470203
0.6343932841636476
0.5956993044924357
0.5555702330196048
0.5141027441932245
0.4713967368260007
0.42755509343028536
0.3826834323650933
0.33688985339222377
0.29028467725446633
0.24298017990326806
0.19509032201613266
0.14673047445536633
0.09801714032956539
0.04906767432742298
5.145373498328649e-15
-0.04906767432741271
-0.09801714032955515
-0.14673047445535617
-0.19509032201612256
-0.24298017990325807
-0.2902846772544565
-0.3368898533922141
-0.3826834323650838
-0.4275550934302761
-0.47139673682599165
-0.5141027441932158
-0.5555702330195963
-0.5956993044924275
-0.6343932841636397
-0.6715589548470127
-0.707106781186542
-0.7409511253549537
-0.7730104533627318
-0.80320753148064
-0.8314696123025405
-0.8577286100002676
-0.8819212643483508
-0.9039892931234395
-0.9238795325112832
-0.9415440651830176
-0.956940335732206
-0.9700312531945416
-0.9807852804032285
-0.9891765099647795
-0.9951847266721959
-0.9987954562051718
-1.0
-0.998795456205173
-0.9951847266721979
-0.9891765099647826
-0.9807852804032327
-0.9700312531945467
-0.9569403357322123
-0.9415440651830247
-0.9238795325112913
-0.9039892931234484
-0.8819212643483608
-0.8577286100002784
-0.8314696123025522
-0.8032075314806525
-0.7730104533627451
-0.7409511253549679
-0.7071067811865569
-0.6715589548470283
-0.634393284163656
-0.5956993044924443
-0.5555702330196138
-0.5141027441932338
-0.4713967368260102
-0.42755509343029513
-0.3826834323651032
-0.33688985339223393
-0.29028467725447665
-0.24298017990327853
-0.19509032201614324
-0.146730474455377
-0.09801714032957612
-0.04906767432743375
-1.5925979214644887e-14
0.04906767432740194
0.09801714032954442
0.1467304744553455
0.19509032201611198
0.24298017990324763
0.2902846772544462
0.33688985339220395
0.3826834323650738
0.4275550934302663
0.4713967368259821
0.5141027441932065
0.5555702330195873
0.5956993044924188
0.6343932841636314
0.6715589548470047
0.7071067811865344
0.7409511253549464
0.7730104533627249
0.8032075314806335
0.8314696123025345
0.857728610000262
0.8819212643483457
0.9039892931234349
0.9238795325112791
0.941544065183014
0.9569403357322029
0.970031253194539
0.9807852804032264
0.9891765099647779
0.9951847266721948
0.9987954562051714
1.0
0.9987954562051734
0.995184726672199
0.9891765099647841
0.9807852804032348
0.9700312531945494
0.9569403357322154
0.9415440651830284
0.9238795325112954
0.9039892931234531
0.8819212643483658
0.857728610000284
0.8314696123025582
0.8032075314806589
0.773010453362752
0.7409511253549751
0.7071067811865644
0.6715589548470363
0.6343932841636644
0.595699304492453
0.5555702330196227
0.5141027441932431
0.47139673682601974
0.42755509343030484
0.3826834323651132
0.3368898533922441
0.290284677254487
0.242980179903289
0.1950903220161538
0.14673047445538767
0.09801714032958685
0.04906767432744452
2.6706584930961125e-14
-0.04906767432739117
-0.0980171403295337
-0.14673047445533483
-0.1950903220161014
-0.24298017990323717
-0.29028467725443585
-0.3368898533921938
-0.38268343236506386
-0.4275550934302566
-0.4713967368259726
-0.5141027441931972
-0.5555702330195783
-0.5956993044924102
-0.6343932841636231
-0.6715589548469968
-0.7071067811865267
-0.7409511253549392
-0.7730104533627181
-0.8032075314806271
-0.8314696123025286
-0.8577286100002566
-0.8819212643483407
-0.9039892931234302
-0.923879532511275
-0.9415440651830104
-0.9569403357321998
-0.9700312531945364
-0.9807852804032243
-0.9891765099647764
-0.9951847266721938
-0.9987954562051709
-1.0
-0.998795456205174
-0.9951847266722
-0.9891765099647858
-0.9807852804032369
-0.970031253194552
-0.9569403357322185
-0.941544065183032
-0.9238795325112995
-0.9039892931234577
-0.8819212643483709
-0.8577286100002895
-0.8314696123025642
-0.8032075314806654
-0.7730104533627589
-0.7409511253549823
-0.7071067811865721
-0.6715589548470443
-0.6343932841636727
-0.5956993044924617
-0.5555702330196317
-0.5141027441932523
-0.47139673682602923
-0.4275550934303146
-0.38268343236512314
-0.33688985339225425
-0.29028467725449725
-0.24298017990329943
-0.19509032201616439
-0.14673047445539833
-0.09801714032959757
-0.04906767432745529
-3.748719064727736e-14
0.049067674327380406
0.09801714032952295
0.14673047445532417
0.19509032201609083
0.2429801799032267
0.2902846772544255
0.33688985339218364
0.38268343236505387
0.42755509343024684
0.4713967368259631
0.514102744193188
0.5555702330195694
0.5956993044924015
0.6343932841636147
0.6715589548469888
0.7071067811865192
0.740951125354932
0.7730104533627112
0.8032075314806206
0.8314696123025226
0.857728610000251
0.8819212643483356
0.9039892931234257
0.9238795325112709
0.9415440651830067
0.9569403357321967
0.9700312531945338
0.9807852804032222
0.9891765099647748
0.9951847266721927
0.9987954562051703
