2.4492935982947064e-16
0.04906767432741809
0.0980171403295605
0.1467304744553615
0.19509032201612786
0.24298017990326332
0.2902846772544616
0.33688985339221916
0.3826834323650887
0.4275550934302809
0.47139673682599637
0.5141027441932203
0.5555702330196007
0.5956993044924318
0.6343932841636438
0.6715589548470167
0.7071067811865458
0.7409511253549573
0.7730104533627352
0.8032075314806432
0.8314696123025435
0.8577286100002703
0.8819212643483534
0.9039892931234418
0.9238795325112853
0.9415440651830195
0.9569403357322077
0.970031253194543
0.9807852804032295
0.9891765099647802
0.9951847266721964
0.9987954562051722
1.0
0.9987954562051726
0.9951847266721974
0.9891765099647818
0.9807852804032315
0.9700312531945454
0.9569403357322106
0.9415440651830229
0.9238795325112893
0.9039892931234462
0.8819212643483583
0.8577286100002757
0.8314696123025492
0.8032075314806493
0.7730104533627418
0.7409511253549642
0.7071067811865531
0.6715589548470243
0.6343932841636518
0.59569930449244
0.5555702330196093
0.5141027441932292
0.47139673682600547
0.42755509343029025
0.3826834323650983
0.3368898533922289
0.2902846772544715
0.24298017990327328
0.19509032201613793
0.14673047445537168
0.09801714032957075
0.04906767432742837
1.0535676356486768e-14
-0.04906767432740732
-0.09801714032954978
-0.14673047445535084
-0.19509032201611728
-0.24298017990325285
-0.29028467725445134
-0.336889853392209
-0.3826834323650788
-0.4275550934302712
-0.4713967368259869
-0.5141027441932111
-0.5555702330195917
-0.5956993044924231
-0.6343932841636355
-0.6715589548470087
-0.7071067811865381
-0.7409511253549501
-0.7730104533627283
-0.8032075314806367
-0.8314696123025375
-0.8577286100002648
-0.8819212643483483
-0.9039892931234371
-0.9238795325112812
-0.9415440651830158
-0.9569403357322045
-0.9700312531945403
-0.9807852804032274
-0.9891765099647787
-0.9951847266721954
-0.9987954562051716
-1.0
-0.9987954562051732
-0.9951847266721985
-0.9891765099647833
-0.9807852804032337
-0.9700312531945481
-0.9569403357322138
-0.9415440651830266
-0.9238795325112934
-0.9039892931234508
-0.8819212643483634
-0.8577286100002812
-0.8314696123025552
-0.8032075314806557
-0.7730104533627485
-0.7409511253549714
-0.7071067811865607
-0.6715589548470323
-0.6343932841636601
-0.5956993044924487
-0.5555702330196183
-0.5141027441932384
-0.47139673682601496
-0.4275550934303
-0.3826834323651082
-0.33688985339223904
-0.2902846772544818
-0.24298017990328374
-0.1950903220161485
-0.14673047445538234
-0.09801714032958148
-0.04906767432743914
-2.1316282072803006e-14
0.04906767432739655
0.09801714032953905
0.14673047445534015
0.1950903220161067
0.2429801799032424
0.290284677254441
0.33688985339219885
0.38268343236506885
0.42755509343026143
0.4713967368259774
0.5141027441932019
0.5555702330195829
0.5956993044924145
0.6343932841636272
0.6715589548470008
0.7071067811865306
0.7409511253549429
0.7730104533627216
0.8032075314806303
0.8314696123025315
0.8577286100002592
0.8819212643483433
0.9039892931234326
0.9238795325112771
0.9415440651830121
0.9569403357322014
0.9700312531945378
0.9807852804032253
0.9891765099647771
0.9951847266721943
0.9987954562051711
1.0
0.9987954562051737
0.9951847266721995
0.989176509964785
0.9807852804032358
0.9700312531945506
0.9569403357322169
0.9415440651830301
0.9238795325112975
0.9039892931234554
0.8819212643483684
0.8577286100002868
0.8314696123025612
0.8032075314806622
0.7730104533627554
0.7409511253549788
0.7071067811865683
0.6715589548470403
0.6343932841636685
0.5956993044924573
0.5555702330196273
0.5141027441932476
0.47139673682602445
0.42755509343030973
0.3826834323651182
0.33688985339224914
0.29028467725449214
0.2429801799032942
0.19509032201615908
0.146730474455393
0.0980171403295922
0.049067674327449906
3.2096887789119244e-14
-0.04906767432738579
-0.09801714032952832
-0.1467304744553295
-0.19509032201609613
-0.24298017990323192
-0.2902846772544307
-0.33688985339218874
-0.38268343236505886
-0.4275550934302517
-0.47139673682596783
-0.5141027441931926
-0.5555702330195739
-0.5956993044924058
-0.6343932841636188
-0.6715589548469928
-0.7071067811865229
-0.7409511253549356
-0.7730104533627147
-0.8032075314806238
-0.8314696123025256
-0.8577286100002538
-0.8819212643483382
-0.9039892931234279
-0.923879532511273
-0.9415440651830086
-0.9569403357321983
-0.9700312531945351
-0.9807852804032232
-0.9891765099647756
-0.9951847266721933
-0.9987954562051705
-1.0
-0.9987954562051743
-0.9951847266722006
-0.9891765099647866
-0.9807852804032379
-0.9700312531945533
-0.95694033573222
-0.9415440651830338
-0.9238795325113016
-0.90398929312346
-0.8819212643483735
-0.8577286100002923
-0.8314696123025672
-0.8032075314806686
-0.7730104533627622
-0.740951125354986
-0.7071067811865759
-0.6715589548470483
-0.6343932841636768
-0.595699304492466
-0.5555702330196362
-0.514102744193257
-0.471396736826034
-0.4275550934303195
-0.38268343236512814
-0.3368898533922593
-0.2902846772545024
-0.24298017990330467
-0.19509032201616966
-0.14673047445540366
-0.09801714032960293
-0.049067674327460675
