0.0
0.7071067811865476
1.0
1.224744871391589
1.4142135623730951
1.5811388300841898
1.7320508075688772
1.8708286933869707
2.0
2.1213203435596424
2.23606797749979
2.345207879911715
2.449489742783178
2.5495097567963922
2.6457513110645907
2.7386127875258306
2.8284271247461903
2.9154759474226504
3.0
3.082207001484488
3.1622776601683795
3.24037034920393
3.3166247903554
3.391164991562634
3.4641016151377544
3.5355339059327378
3.605551275463989
3.6742346141747673
3.7416573867739413
3.8078865529319543
3.872983346207417
3.9370039370059056
4.0
4.06201920231798
4.123105625617661
4.183300132670378
4.242640687119285
4.301162633521313
4.358898943540674
4.415880433163924
4.47213595499958
4.527692569068709
4.58257569495584
4.636809247747852
4.69041575982343
4.743416490252569
4.795831523312719
4.847679857416329
4.898979485566356
4.949747468305833
5.0
5.049752469181039
5.0990195135927845
5.1478150704935
5.196152422706632
5.244044240850758
5.291502622129181
5.338539126015656
5.385164807134504
5.431390245600108
5.477225575051661
5.522680508593631
5.5677643628300215
5.612486080160912
5.656854249492381
5.70087712549569
5.744562646538029
5.787918451395113
5.830951894845301
5.873670062235365
5.916079783099616
5.958187643906492
6.0
6.041522986797286
6.082762530298219
6.123724356957945
6.164414002968976
6.2048368229954285
6.244997998398398
6.284902544988268
6.324555320336759
6.363961030678928
6.4031242374328485
6.442049363362563
6.48074069840786
6.519202405202649
6.557438524302
6.59545297913646
6.6332495807108
6.670832032063167
6.708203932499369
6.745368781616021
6.782329983125268
6.819090848492928
6.855654600401044
6.892024376045111
6.928203230275509
6.96419413859206
7.0
7.035623639735144
7.0710678118654755
7.106335201775948
7.14142842854285
7.176350047203662
7.211102550927978
7.245688373094719
7.280109889280518
7.314369419163897
7.3484692283495345
7.3824115301167
7.416198487095663
7.44983221287567
7.483314773547883
7.516648189186454
7.54983443527075
7.582875444051551
7.615773105863909
7.648529270389178
7.681145747868608
7.713624310270756
7.745966692414834
7.7781745930520225
7.810249675906654
7.842193570679061
7.874007874011811
7.905694150420948
7.937253933193772
7.968688725254614
8.0
8.031189202104505
8.06225774829855
8.093207028119323
8.12403840463596
8.154753215150045
8.18535277187245
8.215838362577491
8.246211251235321
8.276472678623424
8.306623862918075
8.336666000266533
8.366600265340756
8.396427811873332
8.426149773176359
8.455767262643882
8.48528137423857
8.514693182963201
8.54400374531753
8.573214099741124
8.602325267042627
8.631338250816034
8.660254037844387
8.689073598491383
8.717797887081348
8.74642784226795
8.774964387392123
8.803408430829505
8.831760866327848
8.860022573334675
8.888194417315589
8.916277250063503
8.94427190999916
8.972179222463181
9.0
9.027735042633894
9.055385138137417
9.082951062292475
9.1104335791443
9.137833441248533
9.16515138991168
9.192388155425117
9.219544457292887
9.246621004453464
9.273618495495704
9.300537618869138
9.327379053088816
9.354143466934854
9.38083151964686
9.40744386111339
9.433981132056603
9.460443964212251
9.486832980505138
9.513148795220223
9.539392014169456
9.565563234854496
9.591663046625438
9.617692030835672
9.643650760992955
9.669539802906858
9.695359714832659
9.72111104761179
9.746794344808963
9.772410142846033
9.797958971132712
9.82344135219425
9.848857801796104
9.874208829065749
9.899494936611665
9.924716620639604
9.9498743710662
9.974968671630002
10.0
10.024968827881711
10.04987562112089
10.074720839804943
10.099504938362077
10.124228365658293
10.14889156509222
10.173494974687902
10.198039027185569
10.222524150130436
10.246950765959598
10.27131929208707
10.295630140987
10.319883720275147
10.344080432788601
10.36822067666386
10.392304845413264
10.41633332799983
10.44030650891055
10.464224768228174
10.488088481701515
10.51189802081432
10.535653752852738
10.559356040971437
10.583005244258363
10.606601717798213
10.63014581273465
10.653637876331258
10.677078252031311
10.700467279516348
10.723805294763608
10.747092630102339
10.770329614269007
10.793516572461451
10.816653826391969
10.8397416943394
10.862780491200215
10.88577052853862
10.908712114635714
10.931605554537724
10.954451150103322
10.977249200050075
11.0
11.022703842524301
11.045361017187261
11.067971810589327
11.090536506409418
11.113055385446435
11.135528725660043
11.157956802210698
11.180339887498949
11.20267825120404
11.224972160321824
11.247221879201993
11.269427669584644
11.291589790636214
11.313708498984761
11.335784048754634
11.357816691600547
11.379806676741042
11.40175425099138
11.423659658795863
11.445523142259598
11.467344941179714
11.489125293076057
11.510864433221338
11.532562594670797
11.554220008291344
11.575836902790225
11.597413504743201
11.61895003862225
11.640446726822816
11.661903789690601
11.683321445547923
11.704699910719626
11.726039399558575
11.74734012447073
11.76860229593982
11.789826122551595
11.811011811017716
11.832159566199232
11.853269591129697
11.874342087037917
11.895377253370318
11.916375287812984
11.937336386313323
11.958260743101398
11.979148550710939
12.0
12.020815280171307
12.041594578792296
12.062338081814818
12.083045973594572
12.103718436910205
12.12435565298214
12.144957801491119
12.165525060596439
12.186057606953941
12.206555615733702
12.227019260637483
12.24744871391589
12.267844146385297
12.288205727444508
12.30853362509117
12.328828005937952
12.349089035228468
12.36931687685298
12.389511693363866
12.409673645990857
12.429802894656053
12.449899597988733
12.469963913339926
12.489995996796797
12.509996003196804
12.529964086141668
12.549900398011133
12.569805089976535
12.589678312014172
12.609520212918492
12.62933094031509
12.649110640673518
12.668859459319927
12.68857754044952
12.708265027138834
12.727922061357855
12.747548783981962
12.767145334803704
12.786711852544421
12.806248474865697
12.82575533838066
12.84523257866513
12.864680330268607
12.884098726725126
12.90348790056394
12.922847983320086
12.942179105544785
12.96148139681572
12.98075498574717
13.0
13.019216566291536
13.038404810405298
13.057564857200596
13.076696830622021
13.095800853708795
13.114877048604
13.133925536563698
13.152946437965905
13.171939872319491
13.19090595827292
13.209844813622906
13.228756555322953
13.24764129949177
13.2664991614216
13.285330255586423
13.30413469565007
13.322912594474229
13.341664064126334
13.360389215887388
13.379088160259652
13.397761006974262
13.416407864998739
13.435028842544403
13.45362404707371
13.47219358530748
13.490737563232042
13.509256086106296
13.527749258468683
13.546217184144066
13.564659966250536
13.583077707206124
13.601470508735444
13.619838471876236
13.638181696985855
13.656500283747663
13.674794331177344
13.693063937629153
13.711309200802088
13.729530217745982
13.74772708486752
13.765899897936205
13.784048752090222
13.80217374184226
13.820274961085254
13.838352503098047
13.856406460551018
13.874436925511608
13.892443989449804
13.910427743243556
13.92838827718412
13.946325680981353
13.96424004376894
13.982131454109563
14.0
14.017845768876187
14.035668847618199
14.053469322555197
14.071247279470288
14.089002803605371
14.106735979665885
14.124446891825535
